18
17 14
0 0 0 6 10 7 0 0 0 7 0 0 15 0 0 7 18 0
0 0 0 0 0 0 18 0 0 0 0 0 0 0 0 0 3 0
0 0 0 0 0 7 0 0 0 0 0 25 0 0 0 0 0 0
6 0 0 0 0 0 0 0 0 0 0 0 0 0 0 2 0 10
10 0 0 0 0 0 0 21 12 9 22 6 0 0 29 0 0 0
7 0 7 0 0 0 0 24 28 0 13 10 3 0 0 13 0 0
0 18 0 0 0 0 0 12 0 0 0 4 0 0 0 0 0 0
0 0 0 0 21 24 12 0 0 0 14 0 0 0 0 0 0 0
0 0 0 0 12 28 0 0 0 0 0 0 0 0 5 0 0 0
7 0 0 0 9 0 0 0 0 0 0 0 15 3 0 17 4 0
0 0 0 0 22 13 0 14 0 0 0 0 0 19 0 4 0 0
0 0 25 0 6 10 4 0 0 0 0 0 8 0 0 0 20 22
15 0 0 0 0 3 0 0 0 15 0 8 0 0 0 0 30 0
0 0 0 0 0 0 0 0 0 3 19 0 0 0 4 0 0 0
0 0 0 0 29 0 0 0 5 0 0 0 0 4 0 0 0 0
7 0 0 2 0 13 0 0 0 17 4 0 0 0 0 0 0 0
18 3 0 0 0 0 0 0 0 4 0 20 30 0 0 0 0 0
0 0 0 10 0 0 0 0 0 0 0 22 0 0 0 0 0 0
4 11 17 15 4 8 12 10 5 3 19 15 18 14 0 13 5 16