15
5 11
0 0 0 0 0 0 7 0 0 2 25 0 10 2 0
0 0 0 3 0 0 0 0 3 0 0 0 0 0 19
0 0 0 0 0 0 0 12 3 0 12 0 0 0 5
0 3 0 0 12 0 0 0 5 25 0 16 0 13 0
0 0 0 12 0 0 0 0 0 0 14 0 0 7 12
0 0 0 0 0 0 0 0 0 0 24 0 0 0 25
7 0 0 0 0 0 0 11 23 0 0 8 4 22 0
0 0 12 0 0 0 11 0 15 0 0 0 0 3 0
0 3 3 5 0 0 23 15 0 8 4 0 0 0 0
2 0 0 25 0 0 0 0 8 0 0 3 0 0 0
25 0 12 0 14 24 0 0 4 0 0 0 0 25 0
0 0 0 16 0 0 8 0 0 3 0 0 22 0 0
10 0 0 0 0 0 4 0 0 0 0 22 0 0 10
2 0 0 13 7 0 22 3 0 0 25 0 0 0 0
0 19 5 0 12 25 0 0 0 0 0 0 10 0 0
3 2 2 16 13 11 8 16 6 20 6 0 16 7 13 