15
0 5
0 0 0 0 0 0 13 0 24 2 1 0 11 0 0
0 0 0 9 0 0 0 24 4 24 0 0 0 0 0
0 0 0 29 0 18 0 0 11 0 13 18 0 30 0
0 9 29 0 0 0 1 28 15 2 0 10 0 7 0
0 0 0 0 0 28 0 13 0 0 0 0 0 0 0
0 0 18 0 28 0 0 0 0 0 0 21 0 10 28
13 0 0 1 0 0 0 0 0 7 0 2 0 0 0
0 24 0 28 13 0 0 0 0 0 6 0 0 0 11
24 4 11 15 0 0 0 0 0 0 0 0 0 3 0
2 24 0 2 0 0 7 0 0 0 0 0 0 0 0
1 0 13 0 0 0 0 6 0 0 0 0 0 0 0
0 0 18 10 0 21 2 0 0 0 0 0 0 16 28
11 0 0 0 0 0 0 0 0 0 0 0 0 0 21
0 0 30 7 0 10 0 0 3 0 0 16 0 0 5
0 0 0 0 0 28 0 11 0 0 0 28 21 5 0
15 5 9 17 2 0 12 4 8 9 10 16 13 17 6 