18
0 16
0 7 1 0 0 0 0 0 0 0 0 0 0 0 0 0 0 0
7 0 1 2 0 0 0 0 0 1 0 0 0 0 0 0 0 0
1 1 0 4 0 0 0 6 0 0 0 0 0 0 0 0 0 0
0 2 4 0 0 4 0 0 0 1 0 0 0 0 0 0 0 0
0 0 0 0 0 1 4 0 6 1 6 0 0 0 0 0 0 0
0 0 0 4 1 0 0 1 3 0 0 0 0 0 0 0 0 0
0 0 0 0 4 0 0 1 2 0 3 1 0 0 0 0 0 0
0 0 6 0 0 1 1 0 0 0 0 3 0 0 0 0 0 0
0 0 0 0 6 3 2 0 0 5 0 2 0 0 6 0 0 0
0 1 0 1 1 0 0 0 5 0 0 0 0 0 0 0 0 0
0 0 0 0 6 0 3 0 0 0 0 1 1 4 2 0 0 0
0 0 0 0 0 0 1 3 2 0 1 0 4 0 0 0 0 0
0 0 0 0 0 0 0 0 0 0 1 4 0 6 0 6 0 0
0 0 0 0 0 0 0 0 0 0 4 0 6 0 1 0 1 3
0 0 0 0 0 0 0 0 6 0 2 0 0 1 0 0 3 0
0 0 0 0 0 0 0 0 0 0 0 0 6 0 0 0 0 1
0 0 0 0 0 0 0 0 0 0 0 0 0 1 3 0 0 1
0 0 0 0 0 0 0 0 0 0 0 0 0 3 0 1 1 0
10 7 9 11 5 10 3 8 6 3 12 16 18 6 14 5 0 1
